0 0.4443359375 0.22265625 0.0859375 0.041015625
2 0.21484375 0.3974609375 0.0908203125 0.041015625
2 0.736328125 0.966796875 0.0693359375 0.0498046875
0 0.365234375 0.9140625 0.109375 0.0390625
1 0.1474609375 0.9033203125 0.05859375 0.048828125
2 0.9306640625 0.9072265625 0.0625 0.056640625
1 0.2392578125 0.8369140625 0.0966796875 0.0322265625
2 0.59375 0.9140625 0.09375 0.044921875
1 0.61328125 0.9658203125 0.09375 0.0380859375
3 0.806640625 0.8662109375 0.091796875 0.048828125
1 0.517578125 0.8046875 0.0693359375 0.0419921875
2 0.3271484375 0.8056640625 0.0810546875 0.0205078125
2 0.267578125 0.7431640625 0.0810546875 0.0234375
1 0.2158203125 0.787109375 0.06640625 0.0419921875
2 0.6318359375 0.8046875 0.0703125 0.03515625
2 0.9482421875 0.767578125 0.0810546875 0.046875
2 0.7265625 0.703125 0.0390625 0.056640625
0 0.560546875 0.7158203125 0.0908203125 0.0322265625
0 0.4609375 0.7333984375 0.0927734375 0.0439453125
2 0.126953125 0.712890625 0.1103515625 0.048828125
2 0.412109375 0.072265625 0.0546875 0.021484375
0 0.4033203125 0.177734375 0.0771484375 0.0263671875
1 0.7783203125 0.1005859375 0.0361328125 0.0126953125
1 0.185546875 0.2041015625 0.103515625 0.03515625
0 0.138671875 0.2744140625 0.05859375 0.041015625
1 0.1923828125 0.16015625 0.111328125 0.0322265625
2 0.7373046875 0.349609375 0.10546875 0.029296875
0 0.421875 0.4248046875 0.1181640625 0.041015625
2 0.4873046875 0.3720703125 0.0947265625 0.0400390625
2 0.4765625 0.4755859375 0.09375 0.0322265625
2 0.474609375 0.603515625 0.0859375 0.0302734375
2 0.65625 0.5830078125 0.111328125 0.0263671875
1 0.705078125 0.5107421875 0.05859375 0.0380859375
2 0.291015625 0.564453125 0.095703125 0.0478515625
0 0.140625 0.51171875 0.0859375 0.02734375
