0 0.310546875 0.546875 0.14453125 0.05859375
0 0.6162109375 0.4658203125 0.142578125 0.0673828125
0 0.4677734375 0.3232421875 0.181640625 0.072265625
0 0.328125 0.2978515625 0.1591796875 0.0849609375
0 0.2470703125 0.455078125 0.1337890625 0.0439453125
0 0.1357421875 0.625 0.2021484375 0.072265625
0 0.6123046875 0.6708984375 0.18359375 0.0556640625
0 0.841796875 0.48046875 0.11328125 0.0888671875
0 0.8095703125 0.3603515625 0.1953125 0.0712890625
0 0.5361328125 0.3916015625 0.189453125 0.0556640625
0 0.6328125 0.5458984375 0.16015625 0.0576171875
0 0.326171875 0.6767578125 0.1376953125 0.0634765625
0 0.87109375 0.7265625 0.134765625 0.08203125
0 0.6064453125 0.2314453125 0.166015625 0.0908203125
0 0.357421875 0.1337890625 0.1396484375 0.056640625
0 0.7685546875 0.8154296875 0.1298828125 0.068359375
