1 0.2587890625 0.9794921875 0.0498046875 0.0322265625
0 0.2451171875 0.9697265625 0.0166015625 0.0009765625
2 0.1513671875 0.912109375 0.0546875 0.046875
1 0.4375 0.8310546875 0.05859375 0.0400390625
2 0.54296875 0.484375 0.04296875 0.0400390625
0 0.3525390625 0.046875 0.0302734375 0.048828125
0 0.2421875 0.029296875 0.0439453125 0.025390625
2 0.591796875 0.423828125 0.0400390625 0.037109375
0 0.3427734375 0.4150390625 0.052734375 0.029296875
0 0.0869140625 0.45703125 0.04296875 0.03125
2 0.5009765625 0.419921875 0.0576171875 0.0361328125
2 0.30078125 0.732421875 0.0419921875 0.033203125
0 0.7021484375 0.837890625 0.029296875 0.0380859375
2 0.58984375 0.7568359375 0.064453125 0.0400390625
0 0.72265625 0.8876953125 0.0263671875 0.041015625
2 0.0869140625 0.755859375 0.0458984375 0.033203125
2 0.3271484375 0.828125 0.0654296875 0.0380859375
2 0.6025390625 0.5810546875 0.041015625 0.048828125
2 0.39453125 0.6337890625 0.0439453125 0.0439453125
2 0.734375 0.6328125 0.017578125 0.021484375
0 0.3017578125 0.546875 0.0498046875 0.041015625
0 0.396484375 0.5810546875 0.048828125 0.02734375
0 0.3408203125 0.6025390625 0.0400390625 0.0439453125
1 0.2744140625 0.6064453125 0.048828125 0.0361328125
0 0.173828125 0.564453125 0.0458984375 0.0263671875
1 0.4033203125 0.3251953125 0.0380859375 0.01953125
2 0.4384765625 0.3525390625 0.060546875 0.0224609375
0 0.4453125 0.4501953125 0.044921875 0.037109375
2 0.0791015625 0.2529296875 0.0419921875 0.037109375
2 0.0341796875 0.2158203125 0.0478515625 0.041015625
2 0.4287109375 0.2294921875 0.0322265625 0.0390625
2 0.591796875 0.2421875 0.0615234375 0.0439453125
2 0.6845703125 0.3125 0.025390625 0.0185546875
2 0.3388671875 0.1259765625 0.03125 0.02734375
0 0.1015625 0.318359375 0.0458984375 0.033203125
0 0.2470703125 0.2900390625 0.0390625 0.03125
0 0.908203125 0.4873046875 0.0322265625 0.0380859375
3 0.8330078125 0.2958984375 0.03125 0.01953125
1 0.24609375 0.3759765625 0.03515625 0.029296875
0 0.125 0.375 0.033203125 0.033203125
2 0.6865234375 0.3984375 0.05078125 0.0322265625
0 0.8251953125 0.6103515625 0.0419921875 0.0390625
0 0.267578125 0.896484375 0.05078125 0.025390625
0 0.533203125 0.841796875 0.0654296875 0.048828125
3 0.876953125 0.69140625 0.033203125 0.0361328125
0 0.8427734375 0.3779296875 0.0390625 0.021484375
1 0.6396484375 0.283203125 0.0380859375 0.0361328125
0 0.1689453125 0.1689453125 0.0419921875 0.0263671875
0 0.7734375 0.47265625 0.03125 0.0361328125
