0 0.716796875 0.92578125 0.140625 0.1220703125
0 0.4013671875 0.75390625 0.0869140625 0.0830078125
0 0.478515625 0.869140625 0.1259765625 0.1142578125
0 0.298828125 0.7802734375 0.103515625 0.083984375
0 0.197265625 0.9228515625 0.1640625 0.1240234375
0 0.6103515625 0.962890625 0.134765625 0.072265625
0 0.4775390625 0.62890625 0.068359375 0.0751953125
0 0.408203125 0.673828125 0.1015625 0.080078125
0 0.466796875 0.55859375 0.0888671875 0.06640625
0 0.626953125 0.69921875 0.10546875 0.083984375
0 0.23046875 0.5869140625 0.125 0.0732421875
0 0.53515625 0.7080078125 0.0947265625 0.07421875
0 0.8125 0.61328125 0.1220703125 0.0751953125
0 0.3310546875 0.9345703125 0.103515625 0.0947265625
0 0.5498046875 0.64453125 0.080078125 0.0693359375
0 0.4208984375 0.96484375 0.1162109375 0.0693359375
0 0.6240234375 0.6083984375 0.0859375 0.0654296875
0 0.1044921875 0.6376953125 0.1083984375 0.07421875
0 0.6337890625 0.8505859375 0.09375 0.05859375
0 0.2392578125 0.6513671875 0.0966796875 0.0615234375
0 0.375 0.82421875 0.08203125 0.0712890625
0 0.8427734375 0.8212890625 0.095703125 0.0703125
0 0.5517578125 0.4677734375 0.095703125 0.072265625
0 0.0419921875 0.876953125 0.0830078125 0.13671875
0 0.5830078125 0.255859375 0.08203125 0.0595703125
0 0.841796875 0.90234375 0.109375 0.0791015625
0 0.466796875 0.7275390625 0.080078125 0.0634765625
0 0.93359375 0.888671875 0.1005859375 0.0908203125
0 0.0439453125 0.7607421875 0.087890625 0.072265625
0 0.0693359375 0.45703125 0.0830078125 0.0693359375
0 0.33203125 0.5732421875 0.087890625 0.0595703125
0 0.15234375 0.5419921875 0.0966796875 0.072265625
0 0.7177734375 0.8203125 0.09375 0.078125
0 0.138671875 0.392578125 0.0732421875 0.06640625
0 0.4296875 0.23046875 0.0458984375 0.0517578125
0 0.267578125 0.259765625 0.0654296875 0.052734375
0 0.5126953125 0.951171875 0.091796875 0.072265625
0 0.728515625 0.6728515625 0.083984375 0.0712890625
0 0.046875 0.701171875 0.0859375 0.0576171875
0 0.396484375 0.8916015625 0.056640625 0.0732421875
0 0.7822265625 0.482421875 0.107421875 0.056640625
0 0.3154296875 0.6669921875 0.068359375 0.06640625
0 0.564453125 0.876953125 0.0703125 0.08203125
0 0.5224609375 0.3017578125 0.07421875 0.0703125
0 0.5810546875 0.541015625 0.0791015625 0.064453125
0 0.947265625 0.8203125 0.1044921875 0.0791015625
0 0.3525390625 0.4697265625 0.1044921875 0.064453125
0 0.4912109375 0.3740234375 0.087890625 0.0693359375
0 0.734375 0.4384765625 0.0693359375 0.056640625
0 0.916015625 0.6376953125 0.1044921875 0.0712890625
0 0.853515625 0.58203125 0.0859375 0.052734375
0 0.3291015625 0.3681640625 0.0712890625 0.06640625
0 0.1650390625 0.33984375 0.09375 0.041015625
0 0.7763671875 0.3505859375 0.0810546875 0.0546875
0 0.89453125 0.373046875 0.078125 0.0478515625
0 0.890625 0.4326171875 0.0966796875 0.0576171875
0 0.9619140625 0.53515625 0.0712890625 0.0546875
0 0.9033203125 0.2431640625 0.0703125 0.0517578125
0 0.2412109375 0.48828125 0.107421875 0.1064453125
0 0.1123046875 0.26953125 0.0791015625 0.060546875
0 0.3310546875 0.2900390625 0.087890625 0.0615234375
0 0.3349609375 0.076171875 0.0751953125 0.0546875
0 0.2568359375 0.0810546875 0.0693359375 0.044921875
0 0.91015625 0.1875 0.083984375 0.0654296875
0 0.7421875 0.216796875 0.09375 0.0751953125
0 0.5087890625 0.2041015625 0.080078125 0.0654296875
0 0.2802734375 0.2109375 0.072265625 0.064453125
0 0.0849609375 0.1708984375 0.06640625 0.0556640625
0 0.1640625 0.1728515625 0.060546875 0.056640625
0 0.068359375 0.1123046875 0.0771484375 0.05078125
0 0.63671875 0.1484375 0.052734375 0.0673828125
0 0.7763671875 0.2880859375 0.1025390625 0.0576171875
0 0.052734375 0.396484375 0.087890625 0.0625
